3 17 183.42
41 49 86.58
1 38 313.34
1 31 268.45
31 46 208.58
46 35 246.81
35 26 145.10
19 26 87.80
32 38 614.19
38 24 260.15
32 17 149.20
32 7 223.38
31 10 266.99
17 49 466.72
26 50 217.89
50 21 139.68
26 13 127.41
13 34 83.93
10 4 119.85
4 9 103.52
9 43 103.23
9 40 228.98
40 48 79.20
40 44 176.69
44 27 136.97
21 16 145.09
16 23 151.87
16 22 48.12
23 2 323.40
2 27 210.07
24 49 783.77
41 5 246.58
5 20 100.20
20 29 54.12
29 27 381.20
34 18 100.64
18 40 232.33
7 33 96.52
33 12 71.79
12 39 50.58
5 47 160.83
19 6 115.77
43 45 261.86
45 41 278.98
39 24 188.82
