RAM: frames 10 (1..10)
HDD: pages 50 (1..50)
RAM start: empty, no pages
OUTPUT: SEQUENCE OF ELIMINATED PAGES FROM RAM, FOR EACH CHOSEN ALGORITHM
OUTPUT: NUMBER OF PAGE FAULTS, FOR EACH CHOSEN ALGORITHM
 
INPUT SEQUENCE: OF REQUESTS (200):
15
13
17
50
11
20
44
6
15
46
37
21
22
44
47
6
47
19
10
48
31
31
12
29
11
39
2
13
23
28
47
15
16
34
44
38
22
46
38
8
23
8
8
16
34
17
23
2
19
48
18
49
19
41
8
42
29
44
6
45
22
39
33
20
32
8
48
3
9
32
13
11
4
26
49
22
9
48
18
39
47
46
21
8
23
37
10
50
21
17
41
38
30
22
26
31
20
43
50
10
47
19
30
39
48
24
14
5
31
14
8
46
3
45
28
4
27
20
37
38
18
50
31
48
44
16
14
44
41
5
13
48
32
26
4
9
23
37
26
13
49
9
48
6
17
2
9
20
43
18
18
35
39
27
3
20
5
1
30
12
21
20
12
38
41
14
40
7
28
27
11
13
4
11
48
29
45
36
29
50
35
41
42
2
38
25
40
16
2
48
50
44
43
33
6
50
41
46
38
17
